250 248 252 174 194  93 196 177 196 178 140 176 239 197 250 250
250 250  99 151  71 133 120 118 142 146 157 165 131  77 123 124
251 250 104 135 150  51 156 185 195 187 227 165 155  96 239  85
250 107 116 189 166 192 168 137 113 207 173 190 194 176 189 109
149 154  92 148 121 139 141 143 187 240 156 181 199  61 199  98
251 248 143  47 160 126 163 171 193 173 149  76  87 113 201 119
248 247 149 140 239 221 229 192 189 203 189 192 210 148 198 246
252 252 250 252 249 250 249 248 249 236  93 172 157 142 158 246
252 251 252 252 251 251 251 248 248 249 247 252 247 248 245 244
252  74 200 209 179 216 204 213 220 190 188 198 200 205 204 154
249  99 222 219 218 217 209 210 211 207 229 217 231 219 223 158
249  95 204 218 210 223 207 219 207 222 202 223 216 211 206 161
250  70 150 159 190 175 159 180 210 238 241 239 196 187 132 190
175  77 150 150 200 192 193 199 121 154 186 131 130 212 181 196
250  64 134 149 114  85  72  86  55  69  65  76  64 188 205 198
252 245 242 247 205 142 199 148 240 167 214 156 250 246 244 247
250 248 252 174 194  93 196 177 196 178 140 176 239 197 250 250
250 250  99 151  71 133 120 118 142 146 157 165 131  77 123 124
251 250 104 135 150  51 156 185 195 187 227 165 155  96 239  85
250 107 116 189 166 192 168 137 113 207 173 190 194 176 189 109
149 154  92 148 121 139 141 143 187 240 156 181 199  61 199  98
251 248 143  47 160 126 163 171 193 173 149  76  87 113 201 119
248 247 149 140 239 221 229 192 189 203 189 192 210 148 198 246
252 252 250 252 249 250 249 248 249 236  93 172 157 142 158 246
252 251 252 252 251 251 251 248 248 249 247 252 247 248 245 244
252  74 200 209 179 216 204 213 220 190 188 198 200 205 204 154
249  99 222 219 218 217 209 210 211 207 229 217 231 219 223 158
249  95 204 218 210 223 207 219 207 222 202 223 216 211 206 161
250  70 150 159 190 175 159 180 210 238 241 239 196 187 132 190
175  77 150 150 200 192 193 199 121 154 186 131 130 212 181 196
250  64 134 149 114  85  72  86  55  69  65  76  64 188 205 198
252 245 242 247 205 142 199 148 240 167 214 156 250 246 244 247
250 248 252 174 194  93 196 177 196 178 140 176 239 197 250 250
250 250  99 151  71 133 120 118 142 146 157 165 131  77 123 124
251 250 104 135 150  51 156 185 195 187 227 165 155  96 239  85
250 107 116 189 166 192 168 137 113 207 173 190 194 176 189 109
149 154  92 148 121 139 141 143 187 240 156 181 199  61 199  98
251 248 143  47 160 126 163 171 193 173 149  76  87 113 201 119
248 247 149 140 239 221 229 192 189 203 189 192 210 148 198 246
252 252 250 252 249 250 249 248 249 236  93 172 157 142 158 246
252 251 252 252 251 251 251 248 248 249 247 252 247 248 245 244
252  74 200 209 179 216 204 213 220 190 188 198 200 205 204 154
249  99 222 219 218 217 209 210 211 207 229 217 231 219 223 158
249  95 204 218 210 223 207 219 207 222 202 223 216 211 206 161
250  70 150 159 190 175 159 180 210 238 241 239 196 187 132 190
175  77 150 150 200 192 193 199 121 154 186 131 130 212 181 196
250  64 134 149 114  85  72  86  55  69  65  76  64 188 205 198
252 245 242 247 205 142 199 148 240 167 214 156 250 246 244 247

250 124  85 109  98 119 246 246 244 154 158 161 190 196 198 247
250 123 239 189 199 201 198 158 245 204 223 206 132 181 205 244
197  77  96 176  61 113 148 142 248 205 219 211 187 212 188 246
239 131 155 194 199  87 210 157 247 200 231 216 196 130  64 250
176 165 165 190 181  76 192 172 252 198 217 223 239 131  76 156
140 157 227 173 156 149 189  93 247 188 229 202 241 186  65 214
178 146 187 207 240 173 203 236 249 190 207 222 238 154  69 167
196 142 195 113 187 193 189 249 248 220 211 207 210 121  55 240
177 118 185 137 143 171 192 248 248 213 210 219 180 199  86 148
196 120 156 168 141 163 229 249 251 204 209 207 159 193  72 199
 93 133  51 192 139 126 221 250 251 216 217 223 175 192  85 142
194  71 150 166 121 160 239 249 251 179 218 210 190 200 114 205
174 151 135 189 148  47 140 252 252 209 219 218 159 150 149 247
252  99 104 116  92 143 149 250 252 200 222 204 150 150 134 242
248 250 250 107 154 248 247 252 251  74  99  95  70  77  64 245
250 250 251 250 149 251 248 252 252 252 249 249 250 175 250 252
250 124  85 109  98 119 246 246 244 154 158 161 190 196 198 247
250 123 239 189 199 201 198 158 245 204 223 206 132 181 205 244
197  77  96 176  61 113 148 142 248 205 219 211 187 212 188 246
239 131 155 194 199  87 210 157 247 200 231 216 196 130  64 250
176 165 165 190 181  76 192 172 252 198 217 223 239 131  76 156
140 157 227 173 156 149 189  93 247 188 229 202 241 186  65 214
178 146 187 207 240 173 203 236 249 190 207 222 238 154  69 167
196 142 195 113 187 193 189 249 248 220 211 207 210 121  55 240
177 118 185 137 143 171 192 248 248 213 210 219 180 199  86 148
196 120 156 168 141 163 229 249 251 204 209 207 159 193  72 199
 93 133  51 192 139 126 221 250 251 216 217 223 175 192  85 142
194  71 150 166 121 160 239 249 251 179 218 210 190 200 114 205
174 151 135 189 148  47 140 252 252 209 219 218 159 150 149 247
252  99 104 116  92 143 149 250 252 200 222 204 150 150 134 242
248 250 250 107 154 248 247 252 251  74  99  95  70  77  64 245
250 250 251 250 149 251 248 252 252 252 249 249 250 175 250 252
250 124  85 109  98 119 246 246 244 154 158 161 190 196 198 247
250 123 239 189 199 201 198 158 245 204 223 206 132 181 205 244
197  77  96 176  61 113 148 142 248 205 219 211 187 212 188 246
239 131 155 194 199  87 210 157 247 200 231 216 196 130  64 250
176 165 165 190 181  76 192 172 252 198 217 223 239 131  76 156
140 157 227 173 156 149 189  93 247 188 229 202 241 186  65 214
178 146 187 207 240 173 203 236 249 190 207 222 238 154  69 167
196 142 195 113 187 193 189 249 248 220 211 207 210 121  55 240
177 118 185 137 143 171 192 248 248 213 210 219 180 199  86 148
196 120 156 168 141 163 229 249 251 204 209 207 159 193  72 199
 93 133  51 192 139 126 221 250 251 216 217 223 175 192  85 142
194  71 150 166 121 160 239 249 251 179 218 210 190 200 114 205
174 151 135 189 148  47 140 252 252 209 219 218 159 150 149 247
252  99 104 116  92 143 149 250 252 200 222 204 150 150 134 242
248 250 250 107 154 248 247 252 251  74  99  95  70  77  64 245
250 250 251 250 149 251 248 252 252 252 249 249 250 175 250 252

214 193 203 201 179 178 175 179 176 175 176 183 205 203 216 244
187 149 139 101 101 107 114 138 126 105 105 124 142 135 162 238
195 154 175 179 181 182 182 185 186 185 185 170 152 146 147 202
197 152 181 179 185 191 187 188 194 189 187 169 136 126 149 240
204 193 201 197 201 201 199 207 197 205 203 195 192 180 194 242
204 200 208 209 210 208 204 210 208 211 206 206 204 198 202 244
190 167 172 172 169 163 163 167 169 169 162 155 160 158 187 245
236 228 230 230 217 206 203 206 210 200 205 226 236 236 241 249
229 169 185 193 194 199 206 212 213 219 225 232 237 242 246 248
209 149 182 196 193 197 199 196 191 185 182 174 162 157 207 247
176 155 138 143 145 148 161 174 165 114 154 150 108 123 189 245
166 125 110 173 177 149 156 174 154 147 140 140 135 118 162 219
168 142 166 167 177 162 177 163 148 162 174 176 161 139 188 247
159 119 123 139 155 157 162 163 158 152 133 135 129 157 201 249
174 137 117 137 141 144 148 144 143 138 137 126 127 185 231 249
227 207 192 201 200 199 201 202 202 203 176 176 185 246 249 248
214 193 203 201 179 178 175 179 176 175 176 183 205 203 216 244
187 149 139 101 101 107 114 138 126 105 105 124 142 135 162 238
195 154 175 179 181 182 182 185 186 185 185 170 152 146 147 202
197 152 181 179 185 191 187 188 194 189 187 169 136 126 149 240
204 193 201 197 201 201 199 207 197 205 203 195 192 180 194 242
204 200 208 209 210 208 204 210 208 211 206 206 204 198 202 244
190 167 172 172 169 163 163 167 169 169 162 155 160 158 187 245
236 228 230 230 217 206 203 206 210 200 205 226 236 236 241 249
229 169 185 193 194 199 206 212 213 219 225 232 237 242 246 248
209 149 182 196 193 197 199 196 191 185 182 174 162 157 207 247
176 155 138 143 145 148 161 174 165 114 154 150 108 123 189 245
166 125 110 173 177 149 156 174 154 147 140 140 135 118 162 219
168 142 166 167 177 162 177 163 148 162 174 176 161 139 188 247
159 119 123 139 155 157 162 163 158 152 133 135 129 157 201 249
174 137 117 137 141 144 148 144 143 138 137 126 127 185 231 249
227 207 192 201 200 199 201 202 202 203 176 176 185 246 249 248
214 193 203 201 179 178 175 179 176 175 176 183 205 203 216 244
187 149 139 101 101 107 114 138 126 105 105 124 142 135 162 238
195 154 175 179 181 182 182 185 186 185 185 170 152 146 147 202
197 152 181 179 185 191 187 188 194 189 187 169 136 126 149 240
204 193 201 197 201 201 199 207 197 205 203 195 192 180 194 242
204 200 208 209 210 208 204 210 208 211 206 206 204 198 202 244
190 167 172 172 169 163 163 167 169 169 162 155 160 158 187 245
236 228 230 230 217 206 203 206 210 200 205 226 236 236 241 249
229 169 185 193 194 199 206 212 213 219 225 232 237 242 246 248
209 149 182 196 193 197 199 196 191 185 182 174 162 157 207 247
176 155 138 143 145 148 161 174 165 114 154 150 108 123 189 245
166 125 110 173 177 149 156 174 154 147 140 140 135 118 162 219
168 142 166 167 177 162 177 163 148 162 174 176 161 139 188 247
159 119 123 139 155 157 162 163 158 152 133 135 129 157 201 249
174 137 117 137 141 144 148 144 143 138 137 126 127 185 231 249
227 207 192 201 200 199 201 202 202 203 176 176 185 246 249 248

245 240 198 238 241 243 244 249 249 248 248 217 246 250 249 248
219 161 146 144 192 203 182 240 249 206 188 159 186 198 230 249
209 136 149 123 180 202 154 236 247 160 124 117 139 158 184 246
209 141 154 133 191 208 155 236 243 167 108 134 162 129 127 185
187 120 171 169 194 210 151 225 236 177 152 138 176 136 127 177
182 100 185 187 204 210 160 204 228 185 156 138 174 134 137 176
181 100 185 188 205 214 168 199 221 190 114 147 162 152 138 203
181 123 186 194 197 211 167 210 215 193 167 155 149 159 143 203
183 135 185 187 207 213 165 205 213 198 174 175 164 164 145 203
180 110 182 187 198 207 161 203 206 202 161 155 178 162 149 201
184 102 182 190 201 212 161 207 200 200 148 149 163 158 144 199
185  96 181 184 200 213 166 220 194 197 144 178 178 155 141 201
209  96 179 179 196 212 169 233 193 201 141 173 167 139 137 202
207 138 175 179 201 210 168 234 185 184 143 108 167 124 118 193
196 149 154 151 192 203 163 232 170 147 155 124 141 119 137 207
217 189 197 199 205 206 188 237 234 215 179 169 171 161 176 229
245 240 198 238 241 243 244 249 249 248 248 217 246 250 249 248
219 161 146 144 192 203 182 240 249 206 188 159 186 198 230 249
209 136 149 123 180 202 154 236 247 160 124 117 139 158 184 246
209 141 154 133 191 208 155 236 243 167 108 134 162 129 127 185
187 120 171 169 194 210 151 225 236 177 152 138 176 136 127 177
182 100 185 187 204 210 160 204 228 185 156 138 174 134 137 176
181 100 185 188 205 214 168 199 221 190 114 147 162 152 138 203
181 123 186 194 197 211 167 210 215 193 167 155 149 159 143 203
183 135 185 187 207 213 165 205 213 198 174 175 164 164 145 203
180 110 182 187 198 207 161 203 206 202 161 155 178 162 149 201
184 102 182 190 201 212 161 207 200 200 148 149 163 158 144 199
185  96 181 184 200 213 166 220 194 197 144 178 178 155 141 201
209  96 179 179 196 212 169 233 193 201 141 173 167 139 137 202
207 138 175 179 201 210 168 234 185 184 143 108 167 124 118 193
196 149 154 151 192 203 163 232 170 147 155 124 141 119 137 207
217 189 197 199 205 206 188 237 234 215 179 169 171 161 176 229
245 240 198 238 241 243 244 249 249 248 248 217 246 250 249 248
219 161 146 144 192 203 182 240 249 206 188 159 186 198 230 249
209 136 149 123 180 202 154 236 247 160 124 117 139 158 184 246
209 141 154 133 191 208 155 236 243 167 108 134 162 129 127 185
187 120 171 169 194 210 151 225 236 177 152 138 176 136 127 177
182 100 185 187 204 210 160 204 228 185 156 138 174 134 137 176
181 100 185 188 205 214 168 199 221 190 114 147 162 152 138 203
181 123 186 194 197 211 167 210 215 193 167 155 149 159 143 203
183 135 185 187 207 213 165 205 213 198 174 175 164 164 145 203
180 110 182 187 198 207 161 203 206 202 161 155 178 162 149 201
184 102 182 190 201 212 161 207 200 200 148 149 163 158 144 199
185  96 181 184 200 213 166 220 194 197 144 178 178 155 141 201
209  96 179 179 196 212 169 233 193 201 141 173 167 139 137 202
207 138 175 179 201 210 168 234 185 184 143 108 167 124 118 193
196 149 154 151 192 203 163 232 170 147 155 124 141 119 137 207
217 189 197 199 205 206 188 237 234 215 179 169 171 161 176 229
